This file contains a collection of 50 0/1 Knapsack Problem instances, that are well known from the literature, and are solved 
in the following publications:
Bhattacharjee KK, Sarmah SP (2014) Shuffled frog leaping algorithm and its application to 0/1 knapsack problem. Appl Soft
Comput 19:252–263.

+++++++++++++++++++++++++++++
 FILE FORMAT
 The test data's file format, using 2 columns, whenever possible, is as follows:
 
 <n := #objects> <known optimum>
 <n weights of objects> <n profits of objects>
 <knapsack capacity>
 
 +++++++++++++++++++++++++++++

***********************************************
SET 1 : Problem instances of small class
***********************************************
 +++++++++++++++++++++++++++++
Problem f_1
 +++++++++++++++++++++++++++++
10	295
95	55
4	10
60	47
32	5
23	4
72	50
80	8
62	61
65	85
46	87
269
	
 +++++++++++++++++++++++++++++
Problem f_2
 +++++++++++++++++++++++++++++
20	1024
92	44
4	46
43	90
83	72
84	91
68	40
92	75
82	35
6	8
44	54
32	78
18	40
56	77
83	15
25	61
96	17
70	75
48	29
14	75
58	63
878
	
 +++++++++++++++++++++++++++++
Problem f_3
 +++++++++++++++++++++++++++++
4	35
6	9
5	11
9	13
7	15
20	

 +++++++++++++++++++++++++++++
Problem f_4
 +++++++++++++++++++++++++++++
4	23
2	6
4	10
6	12
7	13
11	

 +++++++++++++++++++++++++++++
Problem f_5
 +++++++++++++++++++++++++++++
15	481.0694
56.358531	0.125126
80.87405	19.330424
47.987304	58.500931
89.59624	35.029145
74.660482	82.284005
85.894345	17.41081
51.353496	71.050142
1.498459	30.399487
36.445204	9.140294
16.589862	14.731285
44.569231	98.852504
0.466933	11.908322
37.788018	0.89114
57.118442	53.166295
60.716575	60.176397
375	

 +++++++++++++++++++++++++++++
Problem f_6
 +++++++++++++++++++++++++++++
10	52
30	20
25	18
20	17
18	15
17	15
11	10
5	5
2	3
1	1
1	1
60	

 +++++++++++++++++++++++++++++
Problem f_7
 +++++++++++++++++++++++++++++
7	107
31	70
10	20
20	39
19	37
4	7
3	5
6	10
50	

 +++++++++++++++++++++++++++++
Problem f_8
 +++++++++++++++++++++++++++++
23	9767
983	81
982	980
981	979
980	978
979	977
978	976
488	498
976	974
972	970
486	485
486	485
972	970
972	970
485	484
485	484
969	976
966	974
483	482
964	962
963	961
961	959
958	958
959	857
10000	

 +++++++++++++++++++++++++++++
Problem f_9
 +++++++++++++++++++++++++++++
5	130
15	33
20	24
17	36
8	37
31	12
80	

 +++++++++++++++++++++++++++++
Problem f_10
 +++++++++++++++++++++++++++++
20	1025
84	91
83	72
43	90
4	46
44	55
6	8
82	35
92	75
25	61
83	15
56	77
18	40
58	63
14	75
48	29
70	75
96	17
32	78
68	40
92	44
879	


***********************************************
SET 2 : Problem instances of small class
***********************************************

 +++++++++++++++++++++++++++++
Problem 8_a
 +++++++++++++++++++++++++++++
8	392440
12630	25424
284975	604597
583838	1272766
575342	1174735
780934	1707707
164152	313906
912739	1689410
412657	860062
1863633	

 +++++++++++++++++++++++++++++
Problem 8_b
 +++++++++++++++++++++++++++++
8	3813669
666885	1452321
346111	747077
97003	209067
337746	674618
507338	1076193
836649	1619423
564424	1212262
289280	538078
1822718	

 +++++++++++++++++++++++++++++
Problem 8_c
 +++++++++++++++++++++++++++++
8	3347452
580593	1155261
34916	73653
848308	1631996
528023	1130519
497440	1045697
490277	1061672
97943	193508
141338	296438
1609419	

 +++++++++++++++++++++++++++++
Problem 8_d
 +++++++++++++++++++++++++++++
8	4187707
800588	1521886
496540	919285
364175	794937
699421	1296002
179078	354090
778021	1582223
206205	409313
700556	1401234
2112292	

 +++++++++++++++++++++++++++++
Problem 8_e
 +++++++++++++++++++++++++++++
8	4955555
862754	1582289
318418	640086
651921	1270769
844733	1839736
438185	795116
591527	1099087
810761	1524697
468202	951036
2493250	

 +++++++++++++++++++++++++++++
Problem 12_a
 +++++++++++++++++++++++++++++
12	5688887
672437	1370413
664905	1281034
66143	124356
670473	1296241
649045	1410881
513812	993625
638975	1209949
262871	573180
79332	147263
334123	617431
620541	1193525
437769	861742
2805213	

 +++++++++++++++++++++++++++++
Problem 12_b
 +++++++++++++++++++++++++++++
12	6498597
419614	800734
463634	843137
305284	551965
918709	1921987
743181	1429742
652957	1272555
256487	552649
790046	1468914
310107	645615
985008	1859603
43471	89001
629575	1190478
3259036	

 +++++++++++++++++++++++++++++
Problem 12_c
 +++++++++++++++++++++++++++++
12	5170626
399907	744436
241106	446887
271976	550596
105019	191341
65202	142738
864369	1571133
458263	868558
27528	54288
667143	1425628
681262	1318834
982460	2127868
215395	422621
2489815	

 +++++++++++++++++++++++++++++
Problem 12_d
 +++++++++++++++++++++++++++++
12	6992404
992884	2157066
417147	853212
996822	1845571
591627	1068849
482278	962615
651305	1278897
491683	1026191
727443	1377079
135904	264669
152947	299959
590330	1080762
677035	1263347
3453702	

 +++++++++++++++++++++++++++++
Problem 12_e
 +++++++++++++++++++++++++++++
12	5337472
187536	390564
919812	1896554
281447	518776
290967	534038
293933	539357
146982	281514
335995	679085
76949	164965
296586	603431
732368	1601666
912094	1826086
566115	1235821
2520392	

 +++++++++++++++++++++++++++++
Problem 16_a
 +++++++++++++++++++++++++++++
16	7850983
123074	248913
517025	1051063
655582	1211866
371336	716645
51246	103462
296092	544575
431720	860033
933989	2039565
561395	1174920
376612	704133
722734	1495071
995095	1907792
568523	1093059
168710	345186
520215	1097141
267362	487799
3780355	

 +++++++++++++++++++++++++++++
Problem 16_b
 +++++++++++++++++++++++++++++
16	9352998
31957	66111
117108	215853
250834	452976
775747	1435157
994544	1901253
315281	649654
937184	2034198
258099	496995
877986	1725886
327103	678356
632921	1329367
518873	1088047
708189	1507322
537974	1041781
732066	1607816
838024	1634282
4426945	

 +++++++++++++++++++++++++++++
Problem 16_c
 +++++++++++++++++++++++++++++
16	9151147
406270	837989
182392	370555
468242	843247
749900	1625049
581384	1127636
334532	664244
483985	900936
342610	747010
260722	517890
970898	2092844
887883	1749694
657188	1376143
369265	756658
252140	483621
727195	1583667
971955	1826529
4323280	

 +++++++++++++++++++++++++++++
Problem 16_d
 +++++++++++++++++++++++++++++
16	9348889
169122	319363
435204	924519
480076	1016542
638597	1387079
906325	1840227
613953	1346660
713858	1515021
817993	1572948
18612	37076
819650	1702673
867495	1623789
992711	1968433
509674	1004311
103140	221324
481247	956448
334219	692230
4450938	

 +++++++++++++++++++++++++++++
Problem 16_e
 +++++++++++++++++++++++++++++
16	7769117
615938	1188681
74618	160632
109110	225764
821054	1762724
458488	840566
821360	1501156
609945	1265916
361196	672380
633910	1336652
133731	289808
619385	1252296
11437	20947
232580	472835
987645	1828177
354237	759603
676225	1253380
3760429	

 +++++++++++++++++++++++++++++
Problem 20_a
 +++++++++++++++++++++++++++++
20	10727049
807304	1490790
365268	691574
71972	150435
635962	1164050
628375	1227890
105248	219877
912959	1934511
102532	199053
258867	514991
778387	1522492
351744	769943
775629	1680173
997576	1839759
264796	523879
438778	800279
549088	1097473
522456	1091605
920079	1921590
775693	1495883
76582	139897
5169647	

 +++++++++++++++++++++++++++++
Problem 20_b
 +++++++++++++++++++++++++++++
20	9818261
426375	928904
91504	170787
915455	1689092
60292	117966
337974	632580
336679	731869
566396	1185747
425705	923646
836379	1617156
27713	52263
779627	1501384
207304	428275
174254	368772
703660	1513686
421993	918075
450456	903139
828590	1588130
121896	220241
719160	1451995
931334	1863885
4681373	

 +++++++++++++++++++++++++++++
Problem 20_c
 +++++++++++++++++++++++++++++
20	10714023
440356	925328
79368	164044
945895	1966178
666364	1440910
594595	1288193
358461	741301
666020	1241063
801970	1447446
716869	1388189
431640	916476
576028	1240551
308237	639466
541552	1124003
879694	1867028
18964	40187
741144	1361579
410306	770874
24327	44934
868689	1671823
57104	119080
5063791	

 +++++++++++++++++++++++++++++
Problem 20_d
 +++++++++++++++++++++++++++++
20	8929156
637662	1252158
193120	350292
776715	1479672
262749	521323
23227	50313
384111	715956
768320	1462192
168361	314251
650172	1319970
453970	978978
873944	1743412
389217	748759
579192	1274136
490419	1031710
485659	890331
478971	1029238
79818	174683
507772	1062778
134957	250178
234926	431650
4286641	

 +++++++++++++++++++++++++++++
Problem 20_e
 +++++++++++++++++++++++++++++
20	9357969
63416	128319
838949	1601667
231705	475634
278430	531575
579076	1251993
542663	1108634
544786	1039759
226831	468728
362836	698158
192630	372342
543297	1161048
194244	403961
668225	1362470
858827	1773653
306890	580301
914752	1947699
243468	495773
983177	2007127
262040	472069
115758	245042
4476000	

 +++++++++++++++++++++++++++++
Problem 24_a
 +++++++++++++++++++++++++++++
24	13549094
382745	825594
799601	1677009
909247	1676628
729069	1523970
467902	943972
44328	97426
34610	69666
698150	1296457
823460	1678693
903959	1902996
853665	1844992
551830	1049289
610856	1252836
670702	1319836
488960	953277
951111	2067538
323046	675367
446298	853655
931161	1826027
31385	65731
496951	901489
264724	577243
224916	466257
169684	369261
6404180	

 +++++++++++++++++++++++++++++
Problem 24_b
 +++++++++++++++++++++++++++++
24	12233713
763783	1559844
914370	1724668
831207	1548321
100284	186455
487486	1012952
182921	337633
369532	806295
727094	1329837
272162	546869
227474	446874
170387	316848
697344	1399126
266796	578882
41169	79486
937876	1816706
883615	1665934
923090	1917601
385246	770200
839734	1732704
423575	806240
33377	65751
975193	1870594
69579	140713
418849	859568
5971071	

 +++++++++++++++++++++++++++++
Problem 24_c
 +++++++++++++++++++++++++++++
24	12448780
425855	911193
348636	699561
526169	1049934
332447	675119
441002	942922
924697	1911983
383512	766504
696754	1428013
345706	665388
295567	601640
606800	1126415
502532	1004011
67352	135369
991656	2158735
779035	1516949
244102	505363
623815	1160279
460346	1003942
44551	81812
774214	1654345
215619	455207
914117	1774312
568645	1245431
227812	422075
5870470	

 +++++++++++++++++++++++++++++
Problem 24_d
 +++++++++++++++++++++++++++++
24	11815315
844709	1844400
36928	75605
649129	1344522
925892	1725990
475939	1029572
108733	223878
488034	935619
395701	725710
550693	1003949
509694	953278
440355	900820
49925	97657
100736	215673
79142	143729
152798	293251
88114	187454
941561	1696715
820124	1495747
827804	1589311
918561	1821594
261353	495147
573421	1250695
497161	970416
788062	1459955
5762284	

 +++++++++++++++++++++++++++++
Problem 24_e
 +++++++++++++++++++++++++++++
24	13940099
695093	1319972
430667	804470
233583	487111
832832	1636416
422539	915637
614321	1334476
898576	1703095
371233	727928
324029	588848
958551	1974348
381955	818432
519075	1012735
94236	181004
835863	1826340
352292	736446
983000	2070580
286126	597255
924119	1765740
679730	1374118
229377	467036
152007	310529
794048	1614819
566176	1157316
729710	1370965
6654569	


***********************************************
SET 3 : Problem instances of medium and large class
***********************************************
 +++++++++++++++++++++++++++++
Problem 50_u
 +++++++++++++++++++++++++++++
50	18982
949	762
374	895
228	248
569	598
561	77
282	267
873	847
846	685
648	488
724	357
267	214
122	229
151	765
668	397
337	823
618	526
776	103
733	49
737	939
60	615
228	992
467	477
899	983
545	573
58	233
795	118
775	131
510	742
26	139
976	188
243	397
902	336
449	459
63	103
100	171
369	642
514	788
381	373
2	307
718	898
346	725
657	407
170	187
622	52
425	944
678	421
179	597
888	514
160	896
98	186
11883	

 +++++++++++++++++++++++++++++
Problem 50_w
 +++++++++++++++++++++++++++++
50	12345
163	147
795	705
312	393
529	618
166	165
602	600
263	231
655	736
690	664
749	672
451	508
84	62
229	178
914	895
153	73
826	753
539	628
997	1089
79	95
443	355
107	54
962	933
5	70
775	679
818	727
869	803
85	115
400	447
260	290
801	792
432	442
911	871
182	231
264	202
146	184
137	74
870	844
580	606
550	607
145	62
854	940
623	679
351	349
514	502
402	392
76	38
240	242
124	127
184	248
240	299
11273	

 +++++++++++++++++++++++++++++
Problem 50_s
 +++++++++++++++++++++++++++++
50	14837
242	342
118	218
152	252
60	160
201	301
869	969
771	871
932	1032
81	181
70	170
978	1078
522	622
788	888
310	410
119	219
486	586
416	516
916	1016
160	260
204	304
151	251
958	1058
749	849
207	307
666	766
220	320
450	550
941	1041
582	682
148	248
630	730
185	285
83	183
214	314
527	627
667	767
459	559
216	316
221	321
891	991
302	402
251	351
897	997
120	220
666	766
328	428
327	427
826	926
551	651
645	745
11237	

 +++++++++++++++++++++++++++++
Problem 100_u
 +++++++++++++++++++++++++++++
100	37684
846	157
595	142
331	905
212	353
626	160
264	872
976	804
162	735
795	493
925	402
467	863
614	181
411	926
970	823
654	687
772	470
416	888
150	983
495	33
849	825
678	660
446	449
498	574
157	798
698	633
205	790
678	60
125	390
596	421
773	665
580	635
684	886
428	612
277	616
979	878
965	767
729	751
725	116
645	205
86	117
528	842
852	382
210	455
827	74
207	26
476	962
300	159
345	934
928	237
31	76
721	673
377	85
589	63
330	696
865	3
855	157
549	275
44	316
534	715
826	572
567	516
220	578
324	5
66	353
374	545
259	93
261	273
473	591
95	5
64	31
817	377
69	166
298	307
788	270
457	308
911	585
551	539
430	791
400	373
64	753
717	653
720	552
742	851
690	426
261	575
10	769
351	540
897	985
744	106
294	302
185	380
163	473
76	223
437	321
272	227
238	22
147	16
471	784
729	19
392	903
24450	

 +++++++++++++++++++++++++++++
Problem 100_w
 +++++++++++++++++++++++++++++
100	29147
488	525
498	470
936	1034
390	307
118	69
241	304
685	602
840	847
971	1032
216	264
761	690
585	573
403	374
511	507
496	514
652	582
744	826
302	331
90	23
826	840
390	477
776	833
180	218
110	104
906	859
877	891
1000	950
865	829
37	120
545	623
998	1057
512	598
874	810
71	75
988	1014
923	1006
565	598
432	410
338	387
721	785
14	35
375	292
923	1008
547	458
474	480
497	421
309	286
951	1014
982	931
514	591
993	1036
456	432
427	377
214	165
194	248
833	743
727	765
530	555
830	880
512	608
552	529
214	167
588	664
143	205
53	46
684	603
609	622
220	158
407	414
630	602
556	519
128	174
170	174
1	60
419	360
489	525
160	71
667	728
18	54
120	210
953	872
976	1058
31	33
494	517
863	827
243	159
835	906
814	743
629	604
3	28
380	480
905	909
681	780
379	325
632	612
244	284
572	485
982	1032
850	835
284	347
26371	

 +++++++++++++++++++++++++++++
Problem 100_s
 +++++++++++++++++++++++++++++
100	30921
426	526
301	401
890	990
18	118
149	249
960	1060
715	815
307	407
829	929
808	908
910	1010
643	743
629	729
119	219
919	1019
624	724
258	358
952	1052
47	147
21	121
89	189
518	618
879	979
403	503
562	662
599	699
76	176
392	492
355	455
245	345
109	209
113	213
268	368
267	367
937	1037
187	287
508	608
148	248
921	1021
930	1030
137	237
872	972
13	113
723	823
879	979
388	488
247	347
112	212
847	947
660	760
780	880
359	459
185	285
11	111
86	186
330	430
301	401
507	607
387	487
938	1038
160	260
780	880
178	278
806	906
563	663
471	571
360	460
372	472
383	483
257	357
973	1073
661	761
506	606
199	299
105	205
889	989
363	463
454	554
65	165
851	951
280	380
912	1012
60	160
616	716
564	664
669	769
336	436
38	138
286	386
932	1032
800	900
332	432
738	838
568	668
17	117
426	526
30	130
785	885
981	1081
690	790
23625	

 +++++++++++++++++++++++++++++
Problem 200_u
 +++++++++++++++++++++++++++++
200	82765
780	456
598	521
285	89
747	786
694	718
443	546
420	745
151	688
541	612
197	83
750	378
716	405
705	688
737	406
657	555
892	619
492	418
342	845
963	552
125	814
209	316
155	860
808	218
68	116
491	86
599	155
366	803
689	965
857	197
901	779
952	27
901	114
7	187
42	926
871	550
445	32
443	877
331	951
940	483
713	433
939	620
531	231
22	701
821	981
288	164
868	631
861	642
551	637
458	988
851	387
348	262
239	458
51	115
135	359
579	786
905	306
772	731
705	646
423	840
958	521
756	382
367	620
551	605
222	536
256	731
736	377
316	122
423	367
749	811
354	898
447	347
34	16
729	29
622	850
126	940
216	763
309	966
31	493
202	555
68	653
1	974
637	904
803	26
395	575
263	730
284	152
714	50
195	535
581	40
248	500
936	211
565	476
880	655
993	49
947	859
479	40
125	641
65	507
387	578
559	880
923	185
935	202
825	132
184	823
394	736
913	894
535	160
452	423
286	629
623	597
182	296
928	783
714	382
833	985
497	206
964	780
844	846
114	462
937	680
689	798
308	236
861	753
949	921
682	995
564	883
150	504
987	6
816	16
913	96
684	787
304	554
732	720
277	229
616	13
295	121
519	633
739	16
745	941
404	1000
161	379
23	896
106	591
932	836
616	483
634	60
7	461
215	319
82	911
162	898
92	652
135	247
72	235
269	549
41	393
745	755
945	393
222	266
601	347
437	935
174	374
195	483
190	239
930	532
491	211
797	296
185	532
228	508
850	500
495	912
986	731
173	900
951	805
383	448
448	236
360	68
145	285
817	432
182	456
833	980
407	927
422	598
534	584
431	114
3	400
665	943
257	215
592	171
358	347
549	621
781	436
559	416
302	286
461	906
921	683
887	105
880	84
971	14
753	919
16	368
993	423
51634	

 +++++++++++++++++++++++++++++
Problem 200_w
 +++++++++++++++++++++++++++++
200	56596
333	237
989	1035
474	538
747	671
670	668
796	766
273	328
284	242
718	783
185	120
834	907
170	256
954	893
723	634
135	145
854	756
932	998
565	647
399	441
442	391
702	720
261	349
29	109
948	970
997	1056
780	848
990	1003
488	389
128	79
465	452
743	730
674	750
874	788
759	727
618	554
275	225
337	383
836	794
386	334
81	9
866	811
436	500
173	149
5	39
653	741
370	356
377	399
442	536
517	490
301	334
479	442
7	85
172	132
304	264
745	827
581	580
702	644
805	711
852	787
118	79
658	751
753	810
703	738
606	675
39	24
196	237
331	328
643	708
218	206
77	149
981	883
207	307
984	940
611	518
248	179
518	514
713	791
260	217
115	172
550	485
219	266
313	263
974	891
310	381
947	985
411	503
11	109
311	318
156	238
995	991
451	529
546	451
263	189
883	932
104	83
824	803
428	449
921	826
529	507
871	783
353	391
401	406
598	514
912	894
133	120
43	75
402	346
596	513
920	914
294	340
546	569
782	863
328	279
96	41
442	390
30	93
676	717
112	188
200	243
531	564
628	616
374	387
607	706
847	939
702	670
393	325
572	556
250	261
728	634
344	418
79	158
303	303
301	243
24	69
177	217
861	854
656	591
857	916
271	349
896	825
209	297
965	866
415	403
230	133
819	766
361	403
502	541
748	702
832	798
395	314
97	6
266	318
792	757
937	942
569	660
939	973
598	593
988	1018
763	797
186	133
517	578
641	642
869	856
601	643
1000	1012
130	82
294	210
477	495
130	165
229	247
182	189
673	668
326	291
791	778
547	600
231	331
687	641
50	109
573	500
994	902
363	354
559	572
928	875
260	189
833	869
176	147
880	883
280	319
850	870
807	809
190	246
979	1017
254	218
779	846
811	844
498	516
916	820
101	169
136	59
859	928
51454	

 +++++++++++++++++++++++++++++
Problem 200_s
 +++++++++++++++++++++++++++++
200	63879
168	268
83	183
634	734
311	411
467	567
212	312
2	102
798	898
369	469
16	116
715	815
219	319
689	789
247	347
267	367
133	233
345	445
755	855
890	990
711	811
247	347
452	552
932	1032
616	716
259	359
632	732
696	796
404	504
194	294
308	408
693	793
631	731
250	350
44	144
532	632
177	277
522	622
872	972
614	714
272	372
855	955
158	258
260	360
671	771
226	326
826	926
325	425
489	589
764	864
738	838
637	737
250	350
735	835
340	440
303	403
128	228
11	111
925	1025
911	1011
383	483
702	802
673	773
128	228
201	301
903	1003
892	992
378	478
251	351
603	703
626	726
20	120
820	920
518	618
910	1010
119	219
947	1047
928	1028
95	195
416	516
323	423
847	947
948	1048
730	830
684	784
642	742
316	416
733	833
158	258
761	861
92	192
968	1068
609	709
895	995
195	295
989	1089
242	342
224	324
402	502
781	881
840	940
410	510
403	503
772	872
250	350
866	966
683	783
978	1078
186	286
217	317
313	413
753	853
368	468
605	705
384	484
551	651
386	486
666	766
15	115
814	914
350	450
716	816
959	1059
508	608
667	767
430	530
850	950
655	755
505	605
369	469
686	786
100	200
48	148
870	970
652	752
611	711
422	522
504	604
165	265
94	194
686	786
143	243
529	629
4	104
426	526
225	325
660	760
504	604
601	701
201	301
138	238
24	124
940	1040
696	796
555	655
296	396
43	143
854	954
597	697
19	119
934	1034
10	110
641	741
789	889
527	627
292	392
629	729
426	526
547	647
191	291
745	845
213	313
101	201
897	997
823	923
883	983
89	189
701	801
171	271
834	934
729	829
776	876
764	864
58	158
610	710
899	999
517	617
507	607
256	356
972	1072
582	682
969	1069
42	142
189	289
520	620
641	741
341	441
649	749
356	456
851	951
543	643
49979	

 +++++++++++++++++++++++++++++
Problem 500_u
 +++++++++++++++++++++++++++++
500	196603
674	698
257	363
122	325
41	678
888	584
754	241
803	375
442	205
76	259
155	848
248	428
80	657
854	532
158	938
617	334
529	361
192	747
760	864
615	23
153	850
455	808
683	543
282	434
625	603
942	336
567	779
694	97
979	452
900	762
649	626
983	2
164	18
510	457
628	222
801	372
418	442
55	61
520	365
135	377
367	302
697	919
130	478
786	181
51	298
816	830
867	619
197	664
608	617
997	262
43	873
139	6
223	366
584	592
672	925
724	459
505	425
645	655
37	765
194	380
750	455
309	644
750	736
853	634
100	783
598	35
721	101
569	42
236	161
911	836
951	560
517	173
708	939
799	543
200	831
107	318
619	233
23	702
38	520
116	287
819	28
377	153
230	784
369	519
175	417
775	109
331	632
316	127
725	581
585	185
778	495
360	336
185	207
574	106
484	154
422	874
318	725
973	4
259	811
568	246
353	886
313	840
10	356
669	316
886	155
422	389
859	306
948	822
377	280
204	852
180	196
307	356
851	346
526	586
829	457
107	39
618	381
567	547
261	69
3	214
288	772
822	631
896	809
996	22
9	12
733	399
85	210
634	588
806	823
830	750
568	930
261	525
785	539
170	668
275	872
5	182
398	700
27	189
855	200
205	771
861	530
57	5
224	956
46	878
751	873
699	495
919	532
909	33
806	751
1000	759
801	584
323	371
26	492
733	528
473	449
393	143
861	653
58	675
385	750
142	306
46	805
698	300
914	275
384	271
244	764
908	319
703	358
896	676
948	34
937	151
997	422
397	213
660	761
823	644
623	840
701	208
490	439
509	733
780	105
41	445
902	491
733	695
616	931
756	156
285	53
207	609
653	243
929	559
805	679
351	467
271	659
745	809
723	857
857	711
919	264
270	297
689	186
618	600
72	779
189	96
336	410
312	632
421	766
88	516
560	47
668	441
116	782
316	992
981	850
886	60
23	767
864	725
245	755
434	202
136	324
216	598
775	978
88	452
401	497
591	972
197	764
697	980
593	203
465	32
242	159
413	720
771	778
36	645
608	339
80	655
416	46
986	868
843	103
53	947
728	380
115	135
486	313
869	899
17	781
819	194
784	174
194	894
913	771
684	793
889	214
713	194
485	647
834	112
91	506
26	685
336	158
487	374
226	809
555	910
682	161
835	738
896	556
438	188
400	691
441	300
310	633
447	236
965	490
463	759
496	621
22	248
193	654
899	331
390	120
103	657
350	948
179	842
250	147
641	688
976	665
921	511
54	435
904	384
190	843
993	251
327	292
228	561
944	627
811	450
925	865
719	954
880	817
866	721
358	123
137	83
806	840
682	351
432	906
948	578
952	52
33	216
277	147
68	417
827	878
397	93
582	930
344	936
972	266
604	36
668	467
864	585
421	727
74	334
872	64
695	892
842	829
677	373
702	766
896	438
588	519
326	561
995	246
208	129
287	611
834	614
771	235
201	858
765	116
616	883
965	389
504	300
479	753
586	266
980	526
350	230
262	57
590	828
746	116
82	542
375	625
88	1
319	164
454	10
162	754
60	704
445	357
286	671
200	91
510	823
20	424
831	102
201	98
427	107
734	619
527	201
270	424
768	810
955	329
118	274
25	819
423	207
65	655
126	577
93	564
233	315
212	146
610	131
395	843
727	475
962	232
751	782
79	683
868	162
363	142
798	669
787	659
332	644
950	187
829	823
630	614
296	933
618	662
989	250
345	47
240	38
1	719
910	244
628	146
787	44
749	809
617	841
184	230
844	748
716	282
652	339
613	330
874	67
793	78
725	495
410	377
998	417
624	620
354	664
183	636
321	341
256	745
942	696
893	587
989	883
953	958
875	861
163	321
147	664
650	906
791	686
73	1000
245	500
11	273
233	694
255	996
913	211
368	416
39	163
651	250
817	394
84	341
12	929
366	453
413	527
417	502
464	811
467	805
549	118
533	619
508	773
782	285
290	270
551	467
575	372
204	480
556	439
215	256
550	142
70	267
861	349
209	253
239	18
381	451
288	905
751	658
319	144
108	259
807	792
253	728
504	824
40	937
625	192
388	527
309	281
333	409
932	240
468	358
1	165
726	3
400	407
23	280
638	178
440	586
592	722
618	722
455	509
50	326
720	455
741	297
405	684
52	925
949	292
878	476
828	392
449	319
885	401
854	878
648	954
507	5
77	602
363	786
232	639
861	118
635	711
732	98
157	585
950	848
401	231
612	196
799	38
687	828
1	29
503	368
986	175
8	505
41	496
104	865
604	572
47	172
422	909
356	664
125997	

 +++++++++++++++++++++++++++++
Problem 500_w
 +++++++++++++++++++++++++++++
500	138478
56	155
575	658
677	638
342	323
659	672
750	681
274	370
578	578
999	1066
944	915
756	843
219	120
543	596
329	286
590	582
706	701
254	324
62	32
664	754
649	690
302	298
362	303
807	737
199	112
166	91
900	931
499	474
597	530
91	146
73	23
459	495
207	116
812	739
487	416
117	50
822	845
733	804
548	596
58	73
772	731
227	200
83	102
909	977
3	62
847	885
384	290
173	144
483	435
107	56
342	374
767	718
618	678
498	547
698	761
974	965
129	117
681	709
858	833
419	493
685	631
707	620
866	791
867	867
589	678
790	840
399	477
218	220
564	545
747	789
802	725
949	979
440	492
423	522
579	549
367	434
835	890
34	9
831	812
640	613
955	953
796	866
616	567
970	943
546	596
386	289
975	1011
388	296
156	75
639	714
845	794
652	690
78	87
681	583
497	577
229	191
864	925
681	632
785	780
579	513
774	773
560	510
137	230
171	117
26	14
739	715
689	757
53	116
930	947
620	580
576	569
270	297
907	973
347	330
74	149
217	154
674	759
119	178
878	920
320	387
202	133
279	272
337	304
903	911
924	1001
625	665
418	438
840	754
813	793
134	46
217	204
138	152
863	946
607	636
635	646
381	353
159	106
921	933
528	602
26	34
441	420
656	746
933	942
912	919
291	361
476	529
608	629
986	1045
854	840
149	165
806	770
201	193
72	135
162	262
992	959
178	178
530	433
740	729
647	593
695	689
49	115
676	685
720	818
965	946
858	819
956	885
456	366
678	618
999	965
324	322
545	547
248	152
243	316
364	442
75	160
475	398
404	417
870	773
212	193
318	251
211	176
928	1025
858	945
293	222
249	227
625	566
298	287
734	760
777	723
37	88
625	690
591	525
501	596
877	883
138	188
740	711
934	1026
198	121
702	621
832	876
108	206
440	353
660	583
303	312
266	360
311	257
701	693
725	631
590	529
183	215
672	628
96	19
601	622
78	151
559	634
941	959
683	705
955	976
655	701
208	193
135	144
3	75
470	426
575	612
98	176
544	618
17	21
935	901
447	483
406	412
785	788
117	120
258	223
437	530
360	328
434	478
133	96
15	63
50	41
164	189
882	932
183	188
853	873
442	502
653	645
446	505
560	512
143	98
364	297
779	823
598	693
669	733
168	220
219	212
898	996
935	868
390	339
516	464
293	216
946	941
781	818
453	369
902	928
128	44
409	319
308	402
378	386
318	325
660	715
308	221
481	416
345	348
850	914
303	365
519	446
886	821
190	196
750	729
41	33
107	16
589	621
765	759
526	625
827	917
72	10
136	55
81	26
643	650
594	515
201	137
148	57
190	247
820	782
710	678
678	769
588	659
489	431
970	933
862	810
683	680
189	115
694	672
713	659
86	175
991	916
818	880
62	8
485	389
406	404
617	691
121	206
113	203
533	567
275	317
416	462
547	544
680	690
992	960
530	576
730	750
823	755
629	626
7	38
165	125
399	319
173	157
444	373
176	185
203	232
717	704
990	903
314	404
413	509
250	325
845	772
261	306
400	437
653	659
656	707
95	138
317	318
633	717
246	343
400	495
610	574
348	393
511	416
621	606
173	214
695	776
63	13
361	265
111	177
477	505
934	877
256	222
678	657
137	140
75	41
75	160
421	433
962	1051
122	160
585	616
149	84
891	806
235	215
219	225
336	315
236	209
793	851
759	686
789	883
626	620
78	61
442	392
982	912
546	585
679	698
426	465
465	436
270	201
474	482
278	368
218	255
986	951
118	128
414	505
859	804
377	463
590	607
446	386
524	546
960	935
105	143
211	204
596	579
171	178
372	393
928	962
311	355
18	115
385	364
817	790
508	577
785	852
374	434
197	179
197	146
980	909
588	520
295	318
589	649
497	425
131	46
215	162
103	111
824	809
259	312
343	258
708	677
179	89
609	691
593	672
960	966
460	453
645	558
60	136
684	636
536	509
929	944
6	12
879	965
883	883
801	828
293	248
851	828
30	51
895	938
705	740
976	945
327	409
795	819
608	527
473	390
607	668
650	699
54	142
755	828
857	950
290	267
651	683
659	755
309	373
771	738
518	545
539	479
225	224
176	137
408	368
981	1047
857	787
320	410
950	1009
466	551
546	531
692	762
231	189
401	470
941	1029
809	866
224	286
435	525
127	87
500	563
637	694
173	177
89	2
12	24
719	765
294	287
613	620
348	408
755	792
924	851
218	207
590	501
214	120
382	365
854	952
868	946
487	465
443	520
987	992
765	849
103	40
38	132
936	928
559	637
769	806
256	294
125214	

 +++++++++++++++++++++++++++++
Problem 500_s
 +++++++++++++++++++++++++++++
500	163289
464	564
247	347
758	858
595	695
5	105
654	754
956	1056
499	599
605	705
714	814
63	163
183	283
879	979
786	886
939	1039
301	401
858	958
818	918
831	931
436	536
541	641
914	1014
598	698
7	107
273	373
138	238
709	809
42	142
437	537
681	781
552	652
178	278
86	186
187	287
369	469
932	1032
697	797
167	267
774	874
414	514
709	809
333	433
552	652
997	1097
668	768
889	989
359	459
435	535
734	834
995	1095
477	577
332	432
606	706
774	874
386	486
204	304
387	487
66	166
433	533
690	790
507	607
717	817
302	402
707	807
916	1016
706	806
134	234
666	766
376	476
503	603
400	500
961	1061
116	216
562	662
468	568
159	259
526	626
320	420
782	882
63	163
623	723
638	738
82	182
847	947
862	962
759	859
938	1038
648	748
997	1097
737	837
58	158
10	110
831	931
336	436
269	369
109	209
182	282
384	484
838	938
762	862
988	1088
712	812
345	445
538	638
745	845
930	1030
129	229
221	321
329	429
339	439
868	968
676	776
17	117
518	618
513	613
397	497
921	1021
992	1092
555	655
571	671
233	333
799	899
238	338
574	674
620	720
454	554
755	855
566	666
778	878
735	835
966	1066
764	864
567	667
600	700
592	692
962	1062
442	542
693	793
236	336
771	871
161	261
79	179
311	411
325	425
177	277
247	347
992	1092
612	712
484	584
245	345
974	1074
716	816
699	799
175	275
471	571
806	906
110	210
796	896
869	969
98	198
66	166
61	161
456	556
880	980
348	448
437	537
132	232
654	754
538	638
730	830
133	233
895	995
458	558
101	201
402	502
869	969
958	1058
22	122
945	1045
922	1022
611	711
491	591
445	545
397	497
152	252
871	971
486	586
860	960
729	829
543	643
631	731
270	370
592	692
867	967
926	1026
952	1052
67	167
947	1047
497	597
69	169
154	254
297	397
169	269
736	836
880	980
852	952
673	773
799	899
101	201
523	623
59	159
814	914
346	446
829	929
725	825
338	438
212	312
340	440
460	560
529	629
402	502
752	852
27	127
375	475
187	287
372	472
331	431
19	119
686	786
673	773
834	934
437	537
636	736
666	766
356	456
319	419
690	790
27	127
940	1040
627	727
136	236
939	1039
468	568
934	1034
974	1074
285	385
539	639
13	113
158	258
352	452
774	874
321	421
554	654
381	481
751	851
986	1086
448	548
75	175
101	201
337	437
293	393
917	1017
505	605
580	680
52	152
267	367
783	883
539	639
940	1040
538	638
413	513
965	1065
600	700
942	1042
762	862
111	211
286	386
213	313
415	515
502	602
842	942
780	880
584	684
519	619
300	400
691	791
628	728
777	877
868	968
27	127
616	716
199	299
865	965
929	1029
848	948
39	139
528	628
364	464
71	171
249	349
60	160
232	332
936	1036
807	907
39	139
969	1069
931	1031
46	146
330	430
717	817
32	132
243	343
307	407
834	934
522	622
116	216
140	240
405	505
160	260
945	1045
130	230
228	328
27	127
891	991
721	821
205	305
341	441
597	697
613	713
66	166
177	277
174	274
857	957
580	680
202	302
676	776
100	200
5	105
562	662
357	457
432	532
275	375
506	606
263	363
6	106
926	1026
495	595
222	322
886	986
121	221
532	632
171	271
966	1066
946	1046
492	592
168	268
711	811
757	857
480	580
837	937
838	938
571	671
784	884
476	576
778	878
896	996
957	1057
132	232
627	727
750	850
191	291
444	544
292	392
437	537
680	780
253	353
873	973
537	637
913	1013
466	566
374	474
694	794
757	857
909	1009
63	163
784	884
168	268
833	933
130	230
493	593
840	940
579	679
276	376
363	463
535	635
939	1039
284	384
640	740
38	138
758	858
188	288
510	610
593	693
240	340
486	586
921	1021
363	463
64	164
607	707
175	275
632	732
357	457
692	792
56	156
327	427
613	713
983	1083
455	555
254	354
38	138
565	665
46	146
938	1038
454	554
870	970
928	1028
682	782
358	458
802	902
577	677
681	781
583	683
910	1010
899	999
457	557
183	283
328	428
24	124
8	108
804	904
243	343
793	893
799	899
206	306
492	592
851	951
626	726
215	315
973	1073
537	637
835	935
816	916
555	655
429	529
293	393
803	903
989	1089
509	609
191	291
542	642
249	349
392	492
207	307
786	886
474	574
473	573
719	819
129	229
951	1051
735	835
619	719
562	662
228	328
886	986
515	615
419	519
776	876
698	798
991	1091
593	693
157	257
131	231
171	271
67	167
376	476
727	827
390	490
37	137
6	106
657	757
753	853
68	168
340	440
498	598
312	412
673	773
809	909
677	777
931	1031
639	739
128289	


--- EOF
