This file contains a collection of 44 0/1 Knapsack Problems, that are well known from the literature, and are solved 
in the following publications:
Bhattacharjee KK, Sarmah SP (2014) Shuffled frog leaping algorithm and its application to 0/1 knapsack problem. Appl Soft
Comput 19:252–263.

+++++++++++++++++++++++++++++
 FILE FORMAT
 The test data's file format, using 2 columns, whenever possible, is as follows:
 
 <n := #objects> <best known solution>
 <n weights of objects> <n profits of objects>
 <knapsack capacity>
 
 +++++++++++++++++++++++++++++

***********************************************
SET 1 : Problem instances of small class
***********************************************
 +++++++++++++++++++++++++++++
Problem f_1
 +++++++++++++++++++++++++++++
10	295
95	55
4	10
60	47
32	5
23	4
72	50
80	8
62	61
65	85
46	87
269
	
 +++++++++++++++++++++++++++++
Problem f_2
 +++++++++++++++++++++++++++++
20	1024
92	44
4	46
43	90
83	72
84	91
68	40
92	75
82	35
6	8
44	54
32	78
18	40
56	77
83	15
25	61
96	17
70	75
48	29
14	75
58	63
878
	
 +++++++++++++++++++++++++++++
Problem f_3
 +++++++++++++++++++++++++++++
4	35
6	9
5	11
9	13
7	15
20	

 +++++++++++++++++++++++++++++
Problem f_4
 +++++++++++++++++++++++++++++
4	23
2	6
4	10
6	12
7	13
11	

 +++++++++++++++++++++++++++++
Problem f_5
 +++++++++++++++++++++++++++++
15	481.0694
56.358531	0.125126
80.87405	19.330424
47.987304	58.500931
89.59624	35.029145
74.660482	82.284005
85.894345	17.41081
51.353496	71.050142
1.498459	30.399487
36.445204	9.140294
16.589862	14.731285
44.569231	98.852504
0.466933	11.908322
37.788018	0.89114
57.118442	53.166295
60.716575	60.176397
375	

 +++++++++++++++++++++++++++++
Problem f_6
 +++++++++++++++++++++++++++++
10	52
30	20
25	18
20	17
18	15
17	15
11	10
5	5
2	3
1	1
1	1
60	

 +++++++++++++++++++++++++++++
Problem f_7
 +++++++++++++++++++++++++++++
7	107
31	70
10	20
20	39
19	37
4	7
3	5
6	10
50	

 +++++++++++++++++++++++++++++
Problem f_8
 +++++++++++++++++++++++++++++
23	9767
983	81
982	980
981	979
980	978
979	977
978	976
488	498
976	974
972	970
486	485
486	485
972	970
972	970
485	484
485	484
969	976
966	974
483	482
964	962
963	961
961	959
958	958
959	857
10000	

 +++++++++++++++++++++++++++++
Problem f_9
 +++++++++++++++++++++++++++++
5	130
15	33
20	24
17	36
8	37
31	12
80	

 +++++++++++++++++++++++++++++
Problem f_10
 +++++++++++++++++++++++++++++
20	1025
84	91
83	72
43	90
4	46
44	55
6	8
82	35
92	75
25	61
83	15
56	77
18	40
58	63
14	75
48	29
70	75
96	17
32	78
68	40
92	44
879	


***********************************************
SET 2 : Problem instances of small class
***********************************************

 +++++++++++++++++++++++++++++
Problem 8_a
 +++++++++++++++++++++++++++++
8	392440
12630	25424
284975	604597
583838	1272766
575342	1174735
780934	1707707
164152	313906
912739	1689410
412657	860062
1863633	

 +++++++++++++++++++++++++++++
Problem 8_b
 +++++++++++++++++++++++++++++
8	3813669
666885	1452321
346111	747077
97003	209067
337746	674618
507338	1076193
836649	1619423
564424	1212262
289280	538078
1822718	

 +++++++++++++++++++++++++++++
Problem 8_c
 +++++++++++++++++++++++++++++
8	3347452
580593	1155261
34916	73653
848308	1631996
528023	1130519
497440	1045697
490277	1061672
97943	193508
141338	296438
1609419	

 +++++++++++++++++++++++++++++
Problem 8_d
 +++++++++++++++++++++++++++++
8	4187707
800588	1521886
496540	919285
364175	794937
699421	1296002
179078	354090
778021	1582223
206205	409313
700556	1401234
2112292	

 +++++++++++++++++++++++++++++
Problem 8_e
 +++++++++++++++++++++++++++++
8	4955555
862754	1582289
318418	640086
651921	1270769
844733	1839736
438185	795116
591527	1099087
810761	1524697
468202	951036
2493250	

 +++++++++++++++++++++++++++++
Problem 12_a
 +++++++++++++++++++++++++++++
12	5688887
672437	1370413
664905	1281034
66143	124356
670473	1296241
649045	1410881
513812	993625
638975	1209949
262871	573180
79332	147263
334123	617431
620541	1193525
437769	861742
2805213	

 +++++++++++++++++++++++++++++
Problem 12_b
 +++++++++++++++++++++++++++++
12	6498597
419614	800734
463634	843137
305284	551965
918709	1921987
743181	1429742
652957	1272555
256487	552649
790046	1468914
310107	645615
985008	1859603
43471	89001
629575	1190478
3259036	

 +++++++++++++++++++++++++++++
Problem 12_c
 +++++++++++++++++++++++++++++
12	5170626
399907	744436
241106	446887
271976	550596
105019	191341
65202	142738
864369	1571133
458263	868558
27528	54288
667143	1425628
681262	1318834
982460	2127868
215395	422621
2489815	

 +++++++++++++++++++++++++++++
Problem 12_d
 +++++++++++++++++++++++++++++
12	6992404
992884	2157066
417147	853212
996822	1845571
591627	1068849
482278	962615
651305	1278897
491683	1026191
727443	1377079
135904	264669
152947	299959
590330	1080762
677035	1263347
3453702	

 +++++++++++++++++++++++++++++
Problem 12_e
 +++++++++++++++++++++++++++++
12	5337472
187536	390564
919812	1896554
281447	518776
290967	534038
293933	539357
146982	281514
335995	679085
76949	164965
296586	603431
732368	1601666
912094	1826086
566115	1235821
2520392	

 +++++++++++++++++++++++++++++
Problem 16_a
 +++++++++++++++++++++++++++++
16	7850983
123074	248913
517025	1051063
655582	1211866
371336	716645
51246	103462
296092	544575
431720	860033
933989	2039565
561395	1174920
376612	704133
722734	1495071
995095	1907792
568523	1093059
168710	345186
520215	1097141
267362	487799
3780355	

 +++++++++++++++++++++++++++++
Problem 16_b
 +++++++++++++++++++++++++++++
16	9352998
31957	66111
117108	215853
250834	452976
775747	1435157
994544	1901253
315281	649654
937184	2034198
258099	496995
877986	1725886
327103	678356
632921	1329367
518873	1088047
708189	1507322
537974	1041781
732066	1607816
838024	1634282
4426945	

 +++++++++++++++++++++++++++++
Problem 16_c
 +++++++++++++++++++++++++++++
16	9151147
406270	837989
182392	370555
468242	843247
749900	1625049
581384	1127636
334532	664244
483985	900936
342610	747010
260722	517890
970898	2092844
887883	1749694
657188	1376143
369265	756658
252140	483621
727195	1583667
971955	1826529
4323280	

 +++++++++++++++++++++++++++++
Problem 16_d
 +++++++++++++++++++++++++++++
16	9348889
169122	319363
435204	924519
480076	1016542
638597	1387079
906325	1840227
613953	1346660
713858	1515021
817993	1572948
18612	37076
819650	1702673
867495	1623789
992711	1968433
509674	1004311
103140	221324
481247	956448
334219	692230
4450938	

 +++++++++++++++++++++++++++++
Problem 16_e
 +++++++++++++++++++++++++++++
16	7769117
615938	1188681
74618	160632
109110	225764
821054	1762724
458488	840566
821360	1501156
609945	1265916
361196	672380
633910	1336652
133731	289808
619385	1252296
11437	20947
232580	472835
987645	1828177
354237	759603
676225	1253380
3760429	

 +++++++++++++++++++++++++++++
Problem 20_a
 +++++++++++++++++++++++++++++
20	10727049
807304	1490790
365268	691574
71972	150435
635962	1164050
628375	1227890
105248	219877
912959	1934511
102532	199053
258867	514991
778387	1522492
351744	769943
775629	1680173
997576	1839759
264796	523879
438778	800279
549088	1097473
522456	1091605
920079	1921590
775693	1495883
76582	139897
5169647	

 +++++++++++++++++++++++++++++
Problem 20_b
 +++++++++++++++++++++++++++++
20	9818261
426375	928904
91504	170787
915455	1689092
60292	117966
337974	632580
336679	731869
566396	1185747
425705	923646
836379	1617156
27713	52263
779627	1501384
207304	428275
174254	368772
703660	1513686
421993	918075
450456	903139
828590	1588130
121896	220241
719160	1451995
931334	1863885
4681373	

 +++++++++++++++++++++++++++++
Problem 20_c
 +++++++++++++++++++++++++++++
20	10714023
440356	925328
79368	164044
945895	1966178
666364	1440910
594595	1288193
358461	741301
666020	1241063
801970	1447446
716869	1388189
431640	916476
576028	1240551
308237	639466
541552	1124003
879694	1867028
18964	40187
741144	1361579
410306	770874
24327	44934
868689	1671823
57104	119080
5063791	

 +++++++++++++++++++++++++++++
Problem 20_d
 +++++++++++++++++++++++++++++
20	8929156
637662	1252158
193120	350292
776715	1479672
262749	521323
23227	50313
384111	715956
768320	1462192
168361	314251
650172	1319970
453970	978978
873944	1743412
389217	748759
579192	1274136
490419	1031710
485659	890331
478971	1029238
79818	174683
507772	1062778
134957	250178
234926	431650
4286641	

 +++++++++++++++++++++++++++++
Problem 20_e
 +++++++++++++++++++++++++++++
20	9357969
63416	128319
838949	1601667
231705	475634
278430	531575
579076	1251993
542663	1108634
544786	1039759
226831	468728
362836	698158
192630	372342
543297	1161048
194244	403961
668225	1362470
858827	1773653
306890	580301
914752	1947699
243468	495773
983177	2007127
262040	472069
115758	245042
4476000	

 +++++++++++++++++++++++++++++
Problem 24_a
 +++++++++++++++++++++++++++++
24	13549094
382745	825594
799601	1677009
909247	1676628
729069	1523970
467902	943972
44328	97426
34610	69666
698150	1296457
823460	1678693
903959	1902996
853665	1844992
551830	1049289
610856	1252836
670702	1319836
488960	953277
951111	2067538
323046	675367
446298	853655
931161	1826027
31385	65731
496951	901489
264724	577243
224916	466257
169684	369261
6404180	

 +++++++++++++++++++++++++++++
Problem 24_b
 +++++++++++++++++++++++++++++
24	12233713
763783	1559844
914370	1724668
831207	1548321
100284	186455
487486	1012952
182921	337633
369532	806295
727094	1329837
272162	546869
227474	446874
170387	316848
697344	1399126
266796	578882
41169	79486
937876	1816706
883615	1665934
923090	1917601
385246	770200
839734	1732704
423575	806240
33377	65751
975193	1870594
69579	140713
418849	859568
5971071	

 +++++++++++++++++++++++++++++
Problem 24_c
 +++++++++++++++++++++++++++++
24	12448780
425855	911193
348636	699561
526169	1049934
332447	675119
441002	942922
924697	1911983
383512	766504
696754	1428013
345706	665388
295567	601640
606800	1126415
502532	1004011
67352	135369
991656	2158735
779035	1516949
244102	505363
623815	1160279
460346	1003942
44551	81812
774214	1654345
215619	455207
914117	1774312
568645	1245431
227812	422075
5870470	

 +++++++++++++++++++++++++++++
Problem 24_d
 +++++++++++++++++++++++++++++
24	11815315
844709	1844400
36928	75605
649129	1344522
925892	1725990
475939	1029572
108733	223878
488034	935619
395701	725710
550693	1003949
509694	953278
440355	900820
49925	97657
100736	215673
79142	143729
152798	293251
88114	187454
941561	1696715
820124	1495747
827804	1589311
918561	1821594
261353	495147
573421	1250695
497161	970416
788062	1459955
5762284	

 +++++++++++++++++++++++++++++
Problem 24_e
 +++++++++++++++++++++++++++++
24	13940099
695093	1319972
430667	804470
233583	487111
832832	1636416
422539	915637
614321	1334476
898576	1703095
371233	727928
324029	588848
958551	1974348
381955	818432
519075	1012735
94236	181004
835863	1826340
352292	736446
983000	2070580
286126	597255
924119	1765740
679730	1374118
229377	467036
152007	310529
794048	1614819
566176	1157316
729710	1370965
6654569	


***********************************************
SET 3 : Problem instances of medium and large class
***********************************************
 +++++++++++++++++++++++++++++
Problem 50_u
 +++++++++++++++++++++++++++++
50	18982
949	762
374	895
228	248
569	598
561	77
282	267
873	847
846	685
648	488
724	357
267	214
122	229
151	765
668	397
337	823
618	526
776	103
733	49
737	939
60	615
228	992
467	477
899	983
545	573
58	233
795	118
775	131
510	742
26	139
976	188
243	397
902	336
449	459
63	103
100	171
369	642
514	788
381	373
2	307
718	898
346	725
657	407
170	187
622	52
425	944
678	421
179	597
888	514
160	896
98	186
11883	

 +++++++++++++++++++++++++++++
Problem 50_w
 +++++++++++++++++++++++++++++
50	13280
94	76
57	65
48	115
683	586
476	470
928	995
412	493
871	873
711	779
943	957
481	536
435	398
513	435
525	564
470	519
959	939
857	827
306	217
721	696
855	829
308	265
157	240
78	111
749	735
535	561
454	475
793	890
219	272
307	351
732	809
460	363
406	421
252	347
582	589
809	722
51	64
149	95
492	481
892	812
314	240
283	344
65	16
61	61
580	585
837	741
348	424
349	342
42	138
392	406
867	942
11954	

 +++++++++++++++++++++++++++++
Problem 50_s
 +++++++++++++++++++++++++++++
50	14837
242	342
118	218
152	252
60	160
201	301
869	969
771	871
932	1032
81	181
70	170
978	1078
522	622
788	888
310	410
119	219
486	586
416	516
916	1016
160	260
204	304
151	251
958	1058
749	849
207	307
666	766
220	320
450	550
941	1041
582	682
148	248
630	730
185	285
83	183
214	314
527	627
667	767
459	559
216	316
221	321
891	991
302	402
251	351
897	997
120	220
666	766
328	428
327	427
826	926
551	651
645	745
11237	

 +++++++++++++++++++++++++++++
Problem 100_u
 +++++++++++++++++++++++++++++
100	37684
846	157
595	142
331	905
212	353
626	160
264	872
976	804
162	735
795	493
925	402
467	863
614	181
411	926
970	823
654	687
772	470
416	888
150	983
495	33
849	825
678	660
446	449
498	574
157	798
698	633
205	790
678	60
125	390
596	421
773	665
580	635
684	886
428	612
277	616
979	878
965	767
729	751
725	116
645	205
86	117
528	842
852	382
210	455
827	74
207	26
476	962
300	159
345	934
928	237
31	76
721	673
377	85
589	63
330	696
865	3
855	157
549	275
44	316
534	715
826	572
567	516
220	578
324	5
66	353
374	545
259	93
261	273
473	591
95	5
64	31
817	377
69	166
298	307
788	270
457	308
911	585
551	539
430	791
400	373
64	753
717	653
720	552
742	851
690	426
261	575
10	769
351	540
897	985
744	106
294	302
185	380
163	473
76	223
437	321
272	227
238	22
147	16
471	784
729	19
392	903
24450	

 +++++++++++++++++++++++++++++
Problem 100_w
 +++++++++++++++++++++++++++++
100	27467
197	245
610	621
523	509
707	763
354	334
759	731
506	538
766	745
363	299
926	837
902	852
552	633
522	619
180	177
609	538
728	731
876	975
474	527
753	847
182	268
22	-30
130	50
861	843
797	724
188	239
172	142
676	666
400	340
936	984
477	418
403	457
191	140
338	361
441	411
138	183
981	905
440	377
804	743
818	791
232	213
642	588
258	292
125	217
408	395
68	129
110	170
530	630
212	155
26	-8
995	1048
745	797
983	1076
952	966
472	494
988	962
853	822
310	330
952	958
114	111
118	150
1	-91
304	242
370	456
121	138
712	616
958	917
323	233
789	848
672	715
110	118
724	742
883	826
1	-16
102	106
371	439
915	947
999	996
171	242
173	170
104	59
607	654
412	506
256	232
202	150
188	137
884	788
632	729
623	684
659	672
178	156
626	657
877	976
179	222
646	567
885	875
251	290
587	554
487	572
840	867
52	139
24835	

 +++++++++++++++++++++++++++++
Problem 100_s
 +++++++++++++++++++++++++++++
100	30921
426	526
301	401
890	990
18	118
149	249
960	1060
715	815
307	407
829	929
808	908
910	1010
643	743
629	729
119	219
919	1019
624	724
258	358
952	1052
47	147
21	121
89	189
518	618
879	979
403	503
562	662
599	699
76	176
392	492
355	455
245	345
109	209
113	213
268	368
267	367
937	1037
187	287
508	608
148	248
921	1021
930	1030
137	237
872	972
13	113
723	823
879	979
388	488
247	347
112	212
847	947
660	760
780	880
359	459
185	285
11	111
86	186
330	430
301	401
507	607
387	487
938	1038
160	260
780	880
178	278
806	906
563	663
471	571
360	460
372	472
383	483
257	357
973	1073
661	761
506	606
199	299
105	205
889	989
363	463
454	554
65	165
851	951
280	380
912	1012
60	160
616	716
564	664
669	769
336	436
38	138
286	386
932	1032
800	900
332	432
738	838
568	668
17	117
426	526
30	130
785	885
981	1081
690	790
23625	

 +++++++++++++++++++++++++++++
Problem 200_u
 +++++++++++++++++++++++++++++
200	82765
780	456
598	521
285	89
747	786
694	718
443	546
420	745
151	688
541	612
197	83
750	378
716	405
705	688
737	406
657	555
892	619
492	418
342	845
963	552
125	814
209	316
155	860
808	218
68	116
491	86
599	155
366	803
689	965
857	197
901	779
952	27
901	114
7	187
42	926
871	550
445	32
443	877
331	951
940	483
713	433
939	620
531	231
22	701
821	981
288	164
868	631
861	642
551	637
458	988
851	387
348	262
239	458
51	115
135	359
579	786
905	306
772	731
705	646
423	840
958	521
756	382
367	620
551	605
222	536
256	731
736	377
316	122
423	367
749	811
354	898
447	347
34	16
729	29
622	850
126	940
216	763
309	966
31	493
202	555
68	653
1	974
637	904
803	26
395	575
263	730
284	152
714	50
195	535
581	40
248	500
936	211
565	476
880	655
993	49
947	859
479	40
125	641
65	507
387	578
559	880
923	185
935	202
825	132
184	823
394	736
913	894
535	160
452	423
286	629
623	597
182	296
928	783
714	382
833	985
497	206
964	780
844	846
114	462
937	680
689	798
308	236
861	753
949	921
682	995
564	883
150	504
987	6
816	16
913	96
684	787
304	554
732	720
277	229
616	13
295	121
519	633
739	16
745	941
404	1000
161	379
23	896
106	591
932	836
616	483
634	60
7	461
215	319
82	911
162	898
92	652
135	247
72	235
269	549
41	393
745	755
945	393
222	266
601	347
437	935
174	374
195	483
190	239
930	532
491	211
797	296
185	532
228	508
850	500
495	912
986	731
173	900
951	805
383	448
448	236
360	68
145	285
817	432
182	456
833	980
407	927
422	598
534	584
431	114
3	400
665	943
257	215
592	171
358	347
549	621
781	436
559	416
302	286
461	906
921	683
887	105
880	84
971	14
753	919
16	368
993	423
51634	

 +++++++++++++++++++++++++++++
Problem 200_w
 +++++++++++++++++++++++++++++
200	56696
576	660
187	222
23	16
659	752
459	375
200	178
197	101
694	713
748	762
544	447
526	544
407	380
557	463
731	827
294	221
785	796
76	149
472	509
400	307
912	901
429	417
946	1000
405	505
243	195
873	951
494	404
424	391
553	599
249	249
258	268
210	155
581	506
836	834
853	928
644	673
986	976
979	907
683	612
786	883
349	444
781	767
47	99
353	365
357	409
130	226
983	892
416	387
407	403
783	718
434	406
577	655
651	565
34	-47
405	347
959	983
596	551
934	984
938	900
756	810
539	490
825	860
11	-62
747	836
104	93
49	21
186	120
473	473
10	1
859	773
474	552
150	232
246	303
57	52
206	266
466	542
461	496
352	267
442	367
330	316
573	630
993	1011
718	713
361	268
573	510
381	468
373	392
425	427
744	688
361	452
627	600
853	845
121	188
175	234
951	940
978	1003
253	345
285	318
839	793
803	848
370	383
363	458
272	233
260	260
995	952
47	-38
677	600
502	418
114	214
462	482
719	777
961	1034
529	595
936	1024
990	898
466	394
364	410
91	166
845	820
414	358
758	774
555	461
477	386
267	354
136	117
78	135
847	796
338	360
674	753
105	131
588	673
115	215
250	181
415	320
716	799
870	800
816	734
233	277
347	283
961	893
302	298
155	245
745	794
283	318
329	244
2	-36
564	652
445	517
162	241
704	722
545	478
255	191
394	444
245	335
583	615
53	62
603	623
40	-13
863	927
344	402
113	131
594	582
631	641
782	753
737	837
792	765
649	743
912	817
607	663
737	726
714	741
690	653
920	1005
970	915
329	304
95	57
807	715
683	705
174	242
482	500
940	913
139	67
660	584
195	292
627	636
621	539
441	393
659	601
448	411
852	933
708	713
429	362
621	550
642	555
888	959
994	1089
729	815
506	488
49	130
109	106
859	853
51108	

 +++++++++++++++++++++++++++++
Problem 200_s
 +++++++++++++++++++++++++++++
